12
12
2
2
100
0 0 50 150 4
0 1 125 193 4
0 2 200 150 4
0 3 275 193 4
0 4 350 150 4
0 5 425 193 4
0 6 500 150 4
0 7 575 193 4
0 8 650 150 4
0 9 725 193 4
0 10 800 150 4
0 11 875 193 4
1 0 50 236 4
1 1 125 279 3
1 2 200 236 3
1 3 275 279 3
1 4 350 236 4
1 5 425 279 4
1 6 500 236 4
1 7 575 279 2
1 8 650 236 4
1 9 725 279 4
1 10 800 236 4
1 11 875 279 4
2 0 50 322 4
2 1 125 365 3
2 2 200 322 3
2 3 275 365 3
2 4 350 322 4
2 5 425 365 2
2 6 500 322 2
2 7 575 365 2
2 8 650 322 2
2 9 725 365 2
2 10 800 322 2
2 11 875 365 2
3 0 50 408 7
3 1 125 451 3
3 2 200 408 3
3 3 275 451 4
3 4 350 408 4
3 5 425 451 1
3 6 500 408 2
3 7 575 451 6 211 2 2 65 65 15 2
3 8 650 408 2
3 9 725 451 6 211 2 2 65 65 15 2
3 10 800 408 2
3 11 875 451 2
4 0 50 494 7
4 1 125 537 3
4 2 200 494 3
4 3 275 537 6
4 4 350 494 1
4 5 425 537 1
4 6 500 494 6 211 2 2 65 65 15 2
4 7 575 537 6 211 2 2 65 65 15 2
4 8 650 494 6 211 2 2 65 65 15 2
4 9 725 537 6 211 2 2 65 65 15 2
4 10 800 494 6 211 2 2 65 65 15 2
4 11 875 537 1
5 0 50 580 7
5 1 125 623 3
5 2 200 580 3
5 3 275 623 3
5 4 350 580 1
5 5 425 623 0
5 6 500 580 0
5 7 575 623 0
5 8 650 580 6 211 2 2 65 65 15 2
5 9 725 623 0
5 10 800 580 1
5 11 875 623 1
6 0 50 666 7
6 1 125 709 7
6 2 200 666 3
6 3 275 709 3
6 4 350 666 3
6 5 425 709 3
6 6 500 666 0
6 7 575 709 5
6 8 650 666 0
6 9 725 709 0
6 10 800 666 1
6 11 875 709 0
7 0 50 752 7
7 1 125 795 7
7 2 200 752 7
7 3 275 795 0
7 4 350 752 3
7 5 425 795 3
7 6 500 752 3
7 7 575 795 5
7 8 650 752 5
7 9 725 795 5
7 10 800 752 0
7 11 875 795 3
8 0 50 838 0
8 1 125 881 0
8 2 200 838 1
8 3 275 881 0
8 4 350 838 0
8 5 425 881 5
8 6 500 838 5
8 7 575 881 5
8 8 650 838 5
8 9 725 881 3
8 10 800 838 3
8 11 875 881 3
9 0 50 924 0
9 1 125 967 1
9 2 200 924 1
9 3 275 967 1
9 4 350 924 0 111 2 2 77 77 17 2
9 5 425 967 0 111 2 2 77 77 17 2
9 6 500 924 5
9 7 575 967 5
9 8 650 924 5
9 9 725 967 0
9 10 800 924 0
9 11 875 967 0
10 0 50 1010 0
10 1 125 1053 0
10 2 200 1010 1
10 3 275 1053 1
10 4 350 1010 0 111 2 2 77 77 17 2
10 5 425 1053 0 111 2 2 77 77 17 2
10 6 500 1010 0 111 2 2 77 77 17 2
10 7 575 1053 0 111 2 2 77 77 17 2
10 8 650 1010 0
10 9 725 1053 1
10 10 800 1010 1
10 11 875 1053 0
11 0 50 1096 0
11 1 125 1139 0
11 2 200 1096 0
11 3 275 1139 0
11 4 350 1096 0
11 5 425 1139 0
11 6 500 1096 0 111 2 2 77 77 17 2
11 7 575 1139 0
11 8 650 1096 0
11 9 725 1139 1
11 10 800 1096 1
11 11 875 1139 0
team 1
0
team 2
0