7
18
2
2
0
0 0 50 150 6
0 1 125 193 6
0 2 200 150 0
0 3 275 193 0
0 4 350 150 1
0 5 425 193 1 111 1 1 73 73 20 2
0 6 500 150 1
0 7 575 193 1
0 8 650 150 1
0 9 725 193 1
0 10 800 150 0
0 11 875 193 5
0 12 950 150 3
0 13 1025 193 7
0 14 1100 150 7
0 15 1175 193 2
0 16 1250 150 4
0 17 1325 193 4
1 0 50 236 6
1 1 125 279 0
1 2 200 236 0 111 1 1 73 73 20 2
1 3 275 279 0
1 4 350 236 0 111 1 1 73 73 20 2
1 5 425 279 0 111 1 1 60 73 20 2
1 6 500 236 1 110 1 1 124 150 30 3
1 7 575 279 1 211 2 2 42 42 13 2
1 8 650 236 2
1 9 725 279 0
1 10 800 236 5
1 11 875 279 3
1 12 950 236 3
1 13 1025 279 7
1 14 1100 236 7
1 15 1175 279 2
1 16 1250 236 2
1 17 1325 279 4
2 0 50 322 2
2 1 125 365 2
2 2 200 322 0
2 3 275 365 0
2 4 350 322 0 111 1 1 73 73 20 2
2 5 425 365 0 111 1 1 76 76 20 2
2 6 500 322 1 211 2 2 42 42 13 2
2 7 575 365 0
2 8 650 322 0
2 9 725 365 5
2 10 800 322 5
2 11 875 365 5
2 12 950 322 5
2 13 1025 365 5
2 14 1100 322 5
2 15 1175 365 1
2 16 1250 322 2
2 17 1325 365 2
3 0 50 408 4
3 1 125 451 2
3 2 200 408 0
3 3 275 451 0
3 4 350 408 0 111 1 1 76 76 20 2
3 5 425 451 0
3 6 500 408 0
3 7 575 451 0
3 8 650 408 5
3 9 725 451 5
3 10 800 408 5
3 11 875 451 5
3 12 950 408 5
3 13 1025 451 0
3 14 1100 408 0
3 15 1175 451 1
3 16 1250 408 1
3 17 1325 451 1
4 0 50 494 4
4 1 125 537 2
4 2 200 494 2
4 3 275 537 1
4 4 350 494 0
4 5 425 537 0
4 6 500 494 0
4 7 575 537 5
4 8 650 494 5
4 9 725 537 3
4 10 800 494 3
4 11 875 537 5
4 12 950 494 0
4 13 1025 537 0
4 14 1100 494 0
4 15 1175 537 0
4 16 1250 494 0
4 17 1325 537 0
5 0 50 580 4
5 1 125 623 4
5 2 200 580 2
5 3 275 623 0
5 4 350 580 0
5 5 425 623 5
5 6 500 580 5
5 7 575 623 3
5 8 650 580 3
5 9 725 623 7
5 10 800 580 7
5 11 875 623 7
5 12 950 580 7
5 13 1025 623 7
5 14 1100 580 0
5 15 1175 623 0
5 16 1250 580 0
5 17 1325 623 6
6 0 50 666 4
6 1 125 709 4
6 2 200 666 2
6 3 275 709 1
6 4 350 666 1
6 5 425 709 5
6 6 500 666 3
6 7 575 709 3
6 8 650 666 3
6 9 725 709 7
6 10 800 666 7
6 11 875 709 7
6 12 950 666 7
6 13 1025 709 7
6 14 1100 666 0
6 15 1175 709 0
6 16 1250 666 6
6 17 1325 709 6 210 2 2 100 100 25 4
team 1
0
team 2
0